"Id","SalePrice"
1461,102784.029069731
1462,157833.084640365
1463,170931.922682823
1464,190301.25430975
1465,225739.967729895
1466,184665.913888447
1467,181088.755236732
1468,178865.532344868
1469,208640.657526412
1470,100427.949065783
1471,214747.665535206
1472,117742.27790822
1473,103765.009944796
1474,169584.62800007
1475,145725.26806985
1476,330416.355388268
1477,270729.205157824
1478,301648.564979959
1479,291790.915654899
1480,386386.797450432
1481,304930.561284859
1482,240028.537306588
1483,194923.203525214
1484,200996.720061973
1485,189574.69331836
1486,216835.078836492
1487,312001.896547922
1488,272997.844832853
1489,208786.357177056
1490,206844.799112768
1491,212794.653937913
1492,97378.3609180902
1493,196361.516334824
1494,289415.022767476
1495,288981.860003511
1496,228697.358784264
1497,214101.643972472
1498,182994.511786478
1499,183275.368177866
1500,164764.256602317
1501,180856.231472749
1502,174369.684058901
1503,264702.948768605
1504,245274.070232729
1505,227770.861778083
1506,218172.452032048
1507,242311.111397274
1508,205774.506941471
1509,175149.213599626
1510,147854.781495696
1511,145950.637756018
1512,171358.482112225
1513,177869.327060886
1514,168819.150248263
1515,222889.043556212
1516,163306.551478578
1517,155996.191451261
1518,174745.052572416
1519,228950.931851335
1520,122518.43089127
1521,127734.128960825
1522,187354.444961364
1523,98547.7949924288
1524,108811.469460578
1525,106407.944035487
1526,109197.75983911
1527,97654.3088136385
1528,145310.64858994
1529,140205.428432278
1530,186186.479676463
1531,113396.936525035
1532,80209.9499908219
1533,152979.917979072
1534,143771.67122052
1535,153050.245618468
1536,116083.434360888
1537,42839.5524419436
1538,195990.287853055
1539,234020.379564517
1540,141450.771755651
1541,162608.166213209
1542,148432.588493885
1543,211516.767756161
1544,61235.7953072744
1545,116488.052580398
1546,137701.177822939
1547,121967.944867619
1548,137839.920454541
1549,111595.660136752
1550,139190.876613387
1551,127763.783898549
1552,134181.947374979
1553,139132.276447088
1554,135553.92330669
1555,161821.06631925
1556,99358.8901447917
1557,110450.321359502
1558,106434.323878671
1559,97308.9769723495
1560,140571.302828329
1561,148513.458222229
1562,116428.482312125
1563,103815.921655403
1564,164376.865820471
1565,140157.100741282
1566,220375.79037937
1567,73656.1642795397
1568,208987.255046735
1569,103152.927608994
1570,135504.585103296
1571,116604.281470562
1572,134834.998882015
1573,232795.126068656
1574,151442.564781341
1575,215560.348783155
1576,227258.516723028
1577,209325.054242547
1578,154791.614529201
1579,138621.865716071
1580,213133.417242003
1581,129206.421473873
1582,121312.336103146
1583,303448.325102246
1584,237517.204979373
1585,154538.91095191
1586,38649.3733682478
1587,96125.6247402712
1588,131301.822593373
1589,97252.7579190797
1590,145196.990671722
1591,71925.9916159173
1592,135613.701309367
1593,127033.168594134
1594,135776.664921927
1595,115164.052533666
1596,221876.650176996
1597,189817.231144224
1598,204708.06254355
1599,202934.272109379
1600,216906.565274249
1601,3995.96340506873
1602,121046.454210997
1603,67025.7061041288
1604,261207.880106229
1605,264748.986935336
1606,177232.243737633
1607,239012.259245257
1608,232976.0398975
1609,208455.201744068
1610,153301.39095637
1611,149713.00527964
1612,183086.956727819
1613,173244.268407745
1614,112963.809292855
1615,69078.1897087211
1616,69078.1897087211
1617,84604.3418097197
1618,115189.872452226
1619,123613.191485218
1620,213028.7967232
1621,140164.831422102
1622,133101.198084061
1623,267972.522645782
1624,205305.204192055
1625,119849.66895622
1626,188889.639191758
1627,190683.481704629
1628,282843.978076053
1629,201527.943540292
1630,328821.229275355
1631,243938.19316754
1632,262317.486072512
1633,187139.476434104
1634,193015.566170725
1635,176631.727870681
1636,177800.066737653
1637,179109.96132414
1638,223987.104328667
1639,208138.658159353
1640,267810.554676548
1641,208436.547181836
1642,227808.627432943
1643,249757.422884508
1644,244410.477159815
1645,184455.229568757
1646,162562.782269245
1647,189511.678802944
1648,145503.352962421
1649,120548.66841983
1650,98937.7496173386
1651,109256.121339783
1652,118719.073956002
1653,118230.675932111
1654,172546.653784884
1655,178442.862633757
1656,170561.424047851
1657,173523.449832665
1658,171049.822071742
1659,146213.666093741
1660,144457.717253461
1661,356029.844720325
1662,338075.522379006
1663,329771.771407132
1664,403007.082614145
1665,306259.735665013
1666,287990.963301132
1667,313877.236660181
1668,306764.300563502
1669,287805.263189254
1670,311583.398030258
1671,250727.53020353
1672,363094.568050338
1673,291660.834189826
1674,273966.149687594
1675,197738.024705609
1676,193433.00407677
1677,219250.087065362
1678,387579.700934554
1679,322108.308024444
1680,304243.987023724
1681,268435.802916116
1682,281218.947176067
1683,221056.629134494
1684,200073.380309566
1685,182153.334425065
1686,206998.342797987
1687,189855.549709748
1688,213048.301377582
1689,210290.55140937
1690,202997.283885844
1691,192679.686342019
1692,264466.309574904
1693,189574.69331836
1694,182747.171865346
1695,190552.476024138
1696,268714.359798039
1697,190271.619632751
1698,316561.442634536
1699,305639.820414522
1700,236512.217939186
1701,267961.100513169
1702,282543.857196075
1703,278573.352381063
1704,282552.192321665
1705,244974.053744798
1706,366898.540228976
1707,226345.930250989
1708,223250.252679207
1709,288997.689233649
1710,245342.739565691
1711,257729.810792073
1712,279865.797688811
1713,258441.379447126
1714,233590.236546422
1715,211341.982110196
1716,207528.704737887
1717,200665.564628985
1718,151593.142925905
1719,220722.72804031
1720,265357.115183082
1721,197734.325799925
1722,127546.109023979
1723,156437.279497909
1724,242054.330319662
1725,233797.029867617
1726,189607.432798826
1727,188540.400424215
1728,199569.315527815
1729,166276.134862627
1730,178317.607397118
1731,125038.397121915
1732,114946.491541384
1733,100397.135488167
1734,115340.746579485
1735,114335.201256192
1736,104859.398707909
1737,295195.569449646
1738,220894.072627122
1739,310250.972342066
1740,229669.51861214
1741,188678.695454714
1742,180856.231472749
1743,196003.961309512
1744,261395.132818754
1745,238046.140121607
1746,261929.467188978
1747,223586.907202887
1748,238151.665434825
1749,157030.531514178
1750,153850.321921264
1751,243070.407995077
1752,103327.523631512
1753,176160.235890545
1754,228978.236967562
1755,176337.458876681
1756,96537.4351258377
1757,99420.3394403856
1758,142332.735473188
1759,171291.366376613
1760,161667.806201408
1761,151845.316942729
1762,173727.249877648
1763,187400.428702246
1764,105414.477736524
1765,206541.457543568
1766,184113.453187869
1767,207695.645199185
1768,121604.507610589
1769,193763.560880426
1770,141043.881266166
1771,125937.779456165
1772,140351.375916715
1773,105367.877600608
1774,196435.733433103
1775,133774.86739288
1776,121580.555761712
1777,88109.0401273209
1778,124712.681343906
1779,102460.370705658
1780,190596.900889912
1781,122841.813596326
1782,52162.495344593
1783,139107.962037296
1784,76189.5135157548
1785,107103.289422182
1786,168898.97020463
1787,192487.685318052
1788,-8181.32275318517
1789,99496.5159140052
1790,41956.8351428729
1791,246282.431007986
1792,164497.30653041
1793,152852.042875245
1794,154850.21545423
1795,138799.982369169
1796,123949.597830011
1797,139575.82162083
1798,113585.569326196
1799,85073.4239845595
1800,113555.758583253
1801,114135.459093876
1802,174912.178540709
1803,181572.374924316
1804,129624.000032539
1805,136763.0390177
1806,150506.375718131
1807,176131.083945462
1808,124230.649803999
1809,106404.105068573
1810,136595.41223727
1811,92171.9250471538
1812,97206.4661755929
1813,118915.702477134
1814,82695.1735896759
1815,-594.861508645583
1816,80312.1367659565
1817,107078.320314913
1818,163458.171276711
1819,136499.975196637
1820,44197.6052936225
1821,143170.946849705
1822,177842.291278345
1823,13398.73669132
1824,149166.425074072
1825,128587.149174278
1826,94501.5801752363
1827,113787.645315257
1828,130042.384766922
1829,165253.723141002
1830,171661.048817668
1831,194927.274744655
1832,141006.614627689
1833,162729.316650529
1834,139873.289542918
1835,177076.084726501
1836,160436.612568766
1837,56148.4055578746
1838,132610.697111832
1839,72169.2692649324
1840,126644.040818456
1841,132543.093069417
1842,95039.338734448
1843,118891.828981929
1844,146896.385703522
1845,137849.511704434
1846,157546.564816206
1847,174532.157744758
1848,-10617.0462493552
1849,108174.378145828
1850,115258.016742315
1851,149177.479473888
1852,115605.842426484
1853,126946.228813331
1854,186377.7690372
1855,170008.76217569
1856,226923.691520946
1857,156109.312194565
1858,175721.466086348
1859,150524.189184606
1860,151425.786794718
1861,149115.098403989
1862,304877.555467697
1863,304877.555467697
1864,304877.555467697
1865,299769.547963357
1866,304935.113933063
1867,263667.997515782
1868,279542.977381414
1869,213339.588313186
1870,245951.181850946
1871,264967.325582904
1872,177494.738038684
1873,225424.495563074
1874,126945.666415672
1875,223416.39279336
1876,198239.647985904
1877,223272.529585818
1878,227282.463754193
1879,112259.822798927
1880,127877.098883763
1881,251385.042315671
1882,265816.906905685
1883,215231.936588454
1884,225273.371715892
1885,247773.711117248
1886,276160.663015632
1887,219400.563681499
1888,273823.563841541
1889,173520.640780342
1890,103658.855794022
1891,164503.14705076
1892,80009.4816002858
1893,131315.951361975
1894,152261.114000143
1895,147893.087011552
1896,110607.872273326
1897,110300.362113667
1898,121011.855443682
1899,159635.601955888
1900,148457.974124775
1901,139552.952323536
1902,133769.380487257
1903,231501.385928201
1904,117509.986166162
1905,192566.251854643
1906,147027.030674953
1907,207029.410529862
1908,139981.138808939
1909,154194.191390964
1910,150823.914694317
1911,199916.018063738
1912,285046.265311641
1913,171486.143557637
1914,45257.5456656233
1915,262838.651894396
1916,5860.70654180157
1917,273249.652804538
1918,133298.994565356
1919,172000.909588916
1920,189873.477031563
1921,333982.241844785
1922,298394.794131558
1923,222176.063977436
1924,223041.069078706
1925,234598.044330164
1926,325806.241336871
1927,115737.517242956
1928,168218.523419932
1929,100139.871390177
1930,142817.167329942
1931,130910.01472804
1932,141261.943948858
1933,151937.482336568
1934,190093.712677246
1935,173995.167063872
1936,190301.25430975
1937,190463.185765678
1938,174696.871074184
1939,261125.771873027
1940,225739.967729895
1941,191874.943887377
1942,188820.569269404
1943,228993.738578296
1944,299735.970417439
1945,316558.894589991
1946,184417.242810979
1947,289069.471273486
1948,181638.684963712
1949,236916.295054977
1950,199284.284210878
1951,263104.707684973
1952,240546.476120195
1953,171404.519850482
1954,227287.037059575
1955,134464.705351466
1956,305677.57690723
1957,190694.323822009
1958,290294.114666809
1959,165899.385821022
1960,89860.7933340076
1961,119830.471780292
1962,118719.073956002
1963,118230.675932111
1964,117862.778300059
1965,169584.62800007
1966,179382.180126919
1967,272617.529332037
1968,344775.295549552
1969,323488.153305958
1970,356768.994347591
1971,385416.580539126
1972,321074.313786086
1973,273508.972685512
1974,291040.773279454
1975,386207.144662979
1976,270889.971384807
1977,316845.164421225
1978,329798.466532081
1979,316872.373018632
1980,218887.448568894
1981,311350.680960311
1982,237991.305667062
1983,237991.305667062
1984,208632.281348822
1985,238995.857007665
1986,246821.990224135
1987,208253.721429212
1988,184550.539436435
1989,215278.672017201
1990,228193.201522204
1991,219250.087065362
1992,227910.479714957
1993,195886.312171619
1994,249086.680994038
1995,210701.536591415
1996,267520.20004642
1997,315204.722392871
1998,302874.680358271
1999,239368.166968743
2000,297715.228129933
2001,256881.416339264
2002,251393.651736097
2003,277013.994609135
2004,264021.204535922
2005,247760.390940196
2006,240794.715942572
2007,279075.060275296
2008,207809.561129275
2009,193778.285561374
2010,212918.267738397
2011,153769.80793138
2012,202892.528676061
2013,182884.25869708
2014,190260.172585064
2015,208133.846371055
2016,191624.112529808
2017,210903.79110428
2018,111308.594525576
2019,113316.529491981
2020,105968.431969822
2021,101373.931535949
2022,188558.483758771
2023,161628.426601977
2024,244817.907480213
2025,337496.97720322
2026,208392.273457171
2027,163078.585671307
2028,196891.961510243
2029,181892.682633088
2030,279240.144657039
2031,253023.539831382
2032,262047.525380294
2033,272776.448161972
2034,193181.673926803
2035,218628.806307026
2036,232012.714557518
2037,233276.878991995
2038,319321.609269789
2039,223642.165117657
2040,331418.599522432
2041,254411.468114294
2042,223333.683898905
2043,185868.127064576
2044,211292.641671964
2045,221273.904797508
2046,179902.404762836
2047,141712.457350581
2048,132940.849040471
2049,188429.657162267
2050,197321.305041194
2051,91371.8469136516
2052,135643.706103108
2053,132171.363114478
2054,57139.906221979
2055,163032.79646758
2056,135576.297951871
2057,110729.634915507
2058,208322.978889755
2059,124273.667165636
2060,154462.179811227
2061,189055.182001876
2062,118386.184130743
2063,94455.9897974131
2064,134882.498525364
2065,118796.284588023
2066,195218.198692181
2067,146918.840425077
2068,192470.203362843
2069,58334.8621303522
2070,99441.4873194605
2071,72096.657504165
2072,166887.699045187
2073,130793.687588173
2074,203456.179072099
2075,147546.504758695
2076,111055.977601439
2077,131873.571873169
2078,114380.117406302
2079,148341.072845299
2080,126417.851138753
2081,136408.24250943
2082,163338.150754046
2083,150244.187008727
2084,93749.5838493025
2085,122319.512672414
2086,148392.709670028
2087,145971.269242606
2088,118215.781670414
2089,77053.8801169288
2090,146440.953191968
2091,97575.7383163793
2092,136807.597247256
2093,132819.36615843
2094,142481.371665364
2095,155405.752533049
2096,81787.6840483887
2097,84582.6829824293
2098,154465.25168587
2099,-4852.88994066534
2100,89831.5369374152
2101,148810.653684355
2102,154453.350619492
2103,94320.2849506515
2104,186616.383794686
2105,113108.922178502
2106,47458.844761171
2107,244210.619705517
2108,109355.002430013
2109,106769.774485174
2110,120295.391240137
2111,174546.010453475
2112,140657.370131453
2113,120936.857392673
2114,131027.899643192
2115,166917.315572785
2116,126100.472528004
2117,155010.951618486
2118,133357.931655683
2119,122390.097239629
2120,107727.439365419
2121,NA
2122,75865.8615836322
2123,86848.0745471648
2124,210618.786691392
2125,163232.061094317
2126,182033.985327303
2127,182433.416253229
2128,140065.378492689
2129,117879.874375875
2130,144419.126882073
2131,196149.105315507
2132,131539.511233772
2133,151156.704094778
2134,124551.040031461
2135,98738.1157629979
2136,47767.3034613707
2137,122058.926005942
2138,131630.244612144
2139,161211.540796612
2140,124597.04035983
2141,146783.950039663
2142,120630.395005114
2143,146633.534649115
2144,129195.873549184
2145,120555.917583141
2146,155984.560171036
2147,171672.254767031
2148,146074.937344612
2149,136453.413047104
2150,219186.950692496
2151,135721.505165915
2152,149714.547642865
2153,151353.958937962
2154,92685.3517694213
2155,142467.641119421
2156,253165.598674848
2157,234507.641936607
2158,237329.828825752
2159,231720.627370816
2160,192771.290532658
2161,275349.561654185
2162,350872.022731789
2163,308462.312252773
2164,258817.423605745
2165,193646.519534434
2166,141495.022468889
2167,219483.352539746
2168,195540.490270753
2169,208751.023874431
2170,222289.658383067
2171,143104.62803804
2172,139335.301824197
2173,173536.739222297
2174,250724.589929052
2175,299526.130700837
2176,287195.40846786
2177,254302.286906986
2178,237257.827195741
2179,155027.3089758
2180,248399.704917597
2181,224856.581488261
2182,250723.005744531
2183,219180.118694096
2184,121714.985287914
2185,125451.21593574
2186,164450.255757743
2187,162461.708795905
2188,168228.674804095
2189,297501.207629478
2190,64768.6108668062
2191,64768.6108668062
2192,55889.958492791
2193,92809.3465434378
2194,89641.5203154142
2195,81193.645533388
2196,89955.6864657236
2197,108404.230697287
2198,172503.560426441
2199,178726.559986233
2200,124182.70162435
2201,147113.796116039
2202,192217.84804592
2203,156703.606955112
2204,163623.480772598
2205,117960.707782656
2206,134710.550210368
2207,212172.137698429
2208,230654.689457884
2209,198108.180849222
2210,139981.138808939
2211,128014.094241769
2212,135173.994141279
2213,89036.4652911336
2214,139842.246116672
2215,100140.530678149
2216,160338.994525928
2217,4352.3820717195
2218,72856.636216068
2219,76180.0101369143
2220,55855.7328902305
2221,262838.651894396
2222,240803.555967167
2223,280778.728289194
2224,234097.585780198
2225,154520.740337867
2226,177326.262676948
2227,216503.995002666
2228,268328.442809538
2229,243530.75469352
2230,152056.873268311
2231,225838.101737715
2232,201265.729903181
2233,180013.9987105
2234,244208.64909372
2235,221163.90752213
2236,273078.67384319
2237,303546.933525958
2238,242455.68913591
2239,127470.804605607
2240,179839.523470757
2241,138373.773898169
2242,136354.902927309
2243,131499.303098872
2244,88771.9914120934
2245,78304.4167484895
2246,127440.677662926
2247,120278.524468175
2248,107168.026817914
2249,115540.202685089
2250,127780.885614301
2251,131751.660461336
2252,200091.140431861
2253,166392.078821434
2254,182520.614681484
2255,196526.685227777
2256,198889.052138176
2257,225214.750074601
2258,197561.089896373
2259,189212.83030508
2260,161932.902581198
2261,215181.090346369
2262,227988.861374449
2263,301230.814488568
2264,361436.735966993
2265,179591.25077476
2266,280467.765141399
2267,311295.76094957
2268,345679.727578304
2269,181355.290693632
2270,195499.730777696
2271,229725.185126064
2272,216693.605028856
2273,172047.14020578
2274,188481.367553841
2275,177297.036765703
2276,199365.014349707
2277,197045.123480109
2278,161841.963662965
2279,117919.565139921
2280,84132.2542614494
2281,194045.866586861
2282,193647.401739749
2283,125146.13013164
2284,136332.784250845
2285,165433.657761452
2286,113104.944030236
2287,311699.683458317
2288,281682.339823186
2289,317061.162903025
2290,356125.627074961
2291,301377.570052354
2292,350169.825760221
2293,373327.04597059
2294,352088.910436783
2295,372602.867568259
2296,285038.819411212
2297,273680.938560647
2298,310747.004261527
2299,340155.099003985
2300,297010.588580126
2301,258960.313419834
2302,254166.509000481
2303,268599.028527358
2304,273714.773997296
2305,193382.70503517
2306,193382.70503517
2307,198350.036529984
2308,255261.687224017
2309,277081.757078867
2310,236220.24982723
2311,221056.629134494
2312,183957.406548161
2313,185134.434592889
2314,196620.523223641
2315,182343.244360177
2316,207487.742500576
2317,195088.781241708
2318,183756.565436884
2319,201050.176357347
2320,210615.387740046
2321,267814.171496517
2322,211502.569933738
2323,192826.315335188
2324,189574.69331836
2325,232175.397036148
2326,190195.033029122
2327,226413.882206138
2328,228550.227775189
2329,195339.954302265
2330,193827.454180114
2331,320472.087190831
2332,356947.688594594
2333,308764.774097751
2334,267583.148380272
2335,262898.913131376
2336,303219.270311821
2337,220029.822333169
2338,269305.975002162
2339,253418.517285981
2340,345217.099176971
2341,233193.250794425
2342,253448.667468176
2343,230451.084928882
2344,248641.563786382
2345,273671.42465384
2346,237867.691866578
2347,217007.459520271
2348,243229.493026606
2349,166314.427495772
2350,264021.293299704
2351,258046.358222217
2352,280656.383707577
2353,255410.298484134
2354,148049.041586753
2355,171732.430239045
2356,154781.502332971
2357,228759.238791421
2358,197831.52781825
2359,140488.615699237
2360,110695.169617827
2361,132936.116760074
2362,260401.667702551
2363,135618.138328678
2364,166086.392757665
2365,239714.052124781
2366,221991.240968807
2367,255441.300081393
2368,218414.870110468
2369,255211.388182416
2370,179645.121391741
2371,183936.437266279
2372,215136.770823828
2373,259536.224784554
2374,277176.25224549
2375,244714.435833901
2376,282306.272095773
2377,320447.01597042
2378,158115.366468446
2379,224166.364021488
2380,155263.389742633
2381,174451.599752095
2382,217993.563432759
2383,231819.74310425
2384,237320.091660344
2385,156751.45433844
2386,137342.561025428
2387,127786.676546634
2388,117423.831068948
2389,126517.091738022
2390,135634.50618408
2391,123225.377366074
2392,102392.403211683
2393,185526.965099867
2394,152040.824543957
2395,205804.15038046
2396,159916.587741238
2397,207474.687817027
2398,122449.222871588
2399,22444.3924311264
2400,13018.8344814167
2401,106091.733792933
2402,119795.132837132
2403,190535.679101677
2404,142702.618641694
2405,166963.856413585
2406,136604.633763708
2407,109876.740956266
2408,131570.381797829
2409,123089.617773408
2410,200409.233648315
2411,103245.297170924
2412,144490.3502305
2413,126608.42544773
2414,129949.718512335
2415,171102.342809552
2416,137909.497558169
2417,131465.114487557
2418,116205.516116975
2419,117856.250117716
2420,102479.389143263
2421,130752.614863409
2422,100968.884767964
2423,98672.7366591823
2424,163929.291935074
2425,245000.210497
2426,120634.651648923
2427,109849.68717037
2428,189484.831295504
2429,102983.724960005
2430,131505.665320192
2431,118979.300495858
2432,126348.859712879
2433,124265.332040045
2434,131202.925881603
2435,142379.421744935
2436,88113.4243297002
2437,100885.533512058
2438,106096.760213444
2439,118905.215727746
2440,145111.435550128
2441,102294.231118279
2442,108560.016305183
2443,119771.610259128
2444,122822.990762535
2445,69930.0902562035
2446,131510.304263375
2447,216934.133321451
2448,145397.573310019
2449,109584.513730508
2450,173064.30262122
2451,123086.431378235
2452,227363.164778249
2453,68021.2420514806
2454,106004.371135744
2455,110243.317617139
2456,123415.745781966
2457,120529.630453169
2458,121020.557614728
2459,94397.5764327673
2460,152899.228758251
2461,111753.939579306
2462,133480.303761296
2463,122766.750581208
2464,195467.817385693
2465,143997.960893365
2466,125275.008795148
2467,172829.039525089
2468,95415.3610958412
2469,105019.974517998
2470,211884.946797213
2471,206253.271060848
2472,194189.43605393
2473,112697.42453283
2474,93641.4651405823
2475,231302.696880156
2476,116002.447345653
2477,111163.720878358
2478,168985.579650516
2479,107680.590486807
2480,138968.86288851
2481,117409.964659075
2482,123623.970918661
2483,106154.429154045
2484,124417.199486234
2485,106812.990803472
2486,149526.417934325
2487,208575.330463336
2488,163163.18963235
2489,173238.854830649
2490,135659.013853441
2491,80523.9892269493
2492,194837.598889553
2493,145606.617175957
2494,164017.795305845
2495,90880.0827728211
2496,250900.9858481
2497,157522.326715522
2498,98931.9414164948
2499,77507.6286657748
2500,126035.551372615
2501,135086.229491276
2502,144202.050471472
2503,95444.4465020365
2504,200109.031110068
2505,226313.286489497
2506,278180.046332595
2507,318606.170601303
2508,278180.046332595
2509,248536.866639692
2510,250584.956828277
2511,211137.785710332
2512,221658.302491513
2513,218818.031600067
2514,241696.422246273
2515,144144.26593279
2516,168204.364368356
2517,126945.666415672
2518,136780.870295872
2519,226019.493537323
2520,215337.818929409
2521,213284.515154675
2522,224948.447595686
2523,123217.153280079
2524,135414.075304399
2525,134502.8944871
2526,137331.698975091
2527,111190.507178434
2528,122744.807589912
2529,128182.848763026
2530,101192.09453122
2531,241778.84907299
2532,230635.96104989
2533,216138.526672943
2534,252153.129958945
2535,293431.920180378
2536,233271.376232795
2537,234489.730641579
2538,202346.306865097
2539,203840.295835688
2540,196189.191089974
2541,202560.271729127
2542,164449.25406244
2543,109288.321425289
2544,114063.667697408
2545,128519.646858767
2546,160940.908004329
2547,156004.68122923
2548,175714.431611262
2549,157513.815175793
2550,605032.691046791
2551,164222.290659372
2552,118883.181878965
2553,64768.6108668062
2554,107048.34672186
2555,115929.433460365
2556,69114.6928140577
2557,91611.7792589768
2558,171320.717373603
2559,133766.356342164
2560,139379.043255382
2561,143921.851815778
2562,130741.623729148
2563,143515.526672535
2564,197201.198426571
2565,117057.724006088
2566,134616.629182436
2567,126356.93500867
2568,192483.462996397
2569,190429.849393746
2570,140813.783361122
2571,178984.264935464
2572,201961.444053183
2573,229519.450119836
2574,296667.257034583
2575,139159.400806457
2576,127271.134928035
2577,NA
2578,85239.7263194183
2579,10589.9445933466
2580,142230.503100633
2581,116351.143682267
2582,115151.570985395
2583,260446.110130826
2584,174570.828809573
2585,194150.908316664
2586,220899.386543591
2587,221070.553235781
2588,151277.162143652
2589,154062.385497678
2590,221189.991143943
2591,229679.20674673
2592,246314.715339672
2593,256033.125206297
2594,199073.785026466
2595,231941.525929874
2596,298323.751016529
2597,204353.360637429
2598,262189.846572123
2599,333253.539673408
2600,158076.645279385
2601,158386.572264832
2602,84604.3418097197
2603,78369.6918576293
2604,69078.1897087211
2605,86557.9339052829
2606,133089.616939861
2607,181798.50326148
2608,185090.504381865
2609,144034.230753199
2610,85102.1173130691
2611,137614.995095127
2612,154202.229553469
2613,107168.026817914
2614,113103.430399209
2615,165293.432810508
2616,131305.858390323
2617,201411.190327637
2618,182847.035375326
2619,241374.927100323
2620,182330.594241301
2621,186758.404608229
2622,193601.929476321
2623,261390.587844411
2624,285260.33738409
2625,321015.602859753
2626,176342.357105855
2627,216762.413778651
2628,342922.239651129
2629,395653.827728218
2630,316840.857226213
2631,374832.108860249
2632,342218.443533249
2633,288423.830658692
2634,324964.265212643
2635,162197.848783821
2636,213467.467329257
2637,180537.25615079
2638,249060.493106921
2639,197227.55319416
2640,161486.527112035
2641,100066.643450601
2642,202597.221844061
2643,139695.486184857
2644,140705.686378477
2645,120639.727533725
2646,116404.532423516
2647,124657.73210775
2648,159160.103955532
2649,140552.708500204
2650,164344.426049812
2651,170073.026023961
2652,345295.905175118
2653,274132.734157253
2654,264449.400503209
2655,315722.670881931
2656,304314.67990561
2657,302800.506115304
2658,275376.446495645
2659,290926.911178767
2660,306515.72023392
2661,309711.574046554
2662,308229.7097237
2663,280975.043663692
2664,275994.594393355
2665,301143.496704886
2666,284938.363486731
2667,179949.91256189
2668,202607.095921655
2669,195577.179265599
2670,289409.855110486
2671,202607.095921655
2672,216429.024085438
2673,226664.133429479
2674,229954.546140005
2675,200540.811854729
2676,210830.633902308
2677,207084.826606923
2678,267511.630746892
2679,267924.577410674
2680,285326.170238173
2681,347699.748431916
2682,311967.715739496
2683,385149.681002221
2684,299009.573434691
2685,316925.341617593
2686,258199.712506225
2687,279414.550833874
2688,251122.244311672
2689,232411.962347873
2690,358401.409378259
2691,196518.75277125
2692,150756.919217845
2693,221900.337282428
2694,150127.098168516
2695,216705.185103191
2696,208937.315681168
2697,201543.21952207
2698,190499.378201436
2699,194004.46506851
2700,179227.223358325
2701,164619.838477755
2702,125700.70798789
2703,171234.674472871
2704,148894.349805952
2705,112285.390573358
2706,107035.45978915
2707,120973.407942226
2708,115596.944903234
2709,91286.8387024736
2710,109158.82667454
2711,284279.621239411
2712,318106.396015808
2713,199854.346297698
2714,183181.83516579
2715,181624.826443994
2716,174369.684058901
2717,192232.708125582
2718,254259.597511407
2719,146806.833075022
2720,197596.291338896
2721,133846.794200789
2722,161807.11789039
2723,158152.784061276
2724,105412.689810663
2725,118320.642099791
2726,126260.037365903
2727,183536.568229333
2728,179481.404189498
2729,138203.508645718
2730,131699.659031085
2731,108134.550048523
2732,107253.713836528
2733,166787.638763723
2734,155548.015625035
2735,121656.548982606
2736,141490.792714918
2737,108837.131333841
2738,177484.857622495
2739,168441.353602434
2740,148249.207315781
2741,136371.206213747
2742,168933.018079711
2743,133999.653120998
2744,150557.115524685
2745,145700.795097731
2746,122246.824821453
2747,163863.03579112
2748,119952.220539871
2749,109628.374381526
2750,113362.208128227
2751,108403.188069687
2752,243191.686631701
2753,161278.451995442
2754,242703.344757599
2755,149454.022570661
2756,51887.8346626409
2757,52071.5508390983
2758,56020.4735846444
2759,151626.085321971
2760,128829.436855377
2761,143944.139230122
2762,154796.90506541
2763,210692.368397392
2764,177529.753385875
2765,269125.736465404
2766,107038.302200318
2767,63847.4556497643
2768,142649.271317912
2769,124074.74894678
2770,171228.321186088
2771,100885.533512058
2772,99665.1836365914
2773,168181.772087647
2774,145013.183860812
2775,124129.460926008
2776,160349.58542795
2777,168907.675979485
2778,125218.750817141
2779,134866.896763281
2780,123941.527104818
2781,88180.4392478419
2782,69223.5212210951
2783,63905.7648565703
2784,119963.833789741
2785,135322.3100337
2786,17399.9463367949
2787,127881.707515315
2788,45215.8777272017
2789,228609.405507896
2790,83598.1223553097
2791,121429.027861414
2792,45940.482540429
2793,170379.746317321
2794,59127.6911327798
2795,117538.516561964
2796,85862.3512169289
2797,238353.830839881
2798,104737.311694035
2799,111511.576703851
2800,66399.6029856916
2801,121212.911703988
2802,124292.085880726
2803,224323.83291909
2804,143085.852490172
2805,86481.2267396223
2806,92442.782655844
2807,179509.770167198
2808,134434.651334108
2809,127649.60967537
2810,118982.952965766
2811,161768.985282034
2812,156725.278953263
2813,214076.970569965
2814,212586.771121521
2815,90290.9856462516
2816,239315.439735199
2817,127182.572310744
2818,115116.030061673
2819,182053.987427186
2820,124181.62313344
2821,104418.439956647
2822,198125.245474447
2823,304539.556283118
2824,177103.618804024
2825,148369.931804871
2826,125802.678207512
2827,157840.819819096
2828,236202.123189386
2829,225965.676279862
2830,255429.259732878
2831,205724.020107637
2832,238439.992780888
2833,272209.114995423
2834,224687.509124348
2835,239336.296555877
2836,208642.788543751
2837,182150.963569056
2838,151578.59292383
2839,178945.798931127
2840,220270.416179978
2841,215203.60790662
2842,220568.183199474
2843,146543.862345837
2844,187430.508299109
2845,105769.513750966
2846,217356.646589201
2847,194767.144153561
2848,236894.086138964
2849,224998.457316622
2850,280608.619284996
2851,235845.493002328
2852,245820.122425489
2853,228317.866478062
2854,154538.91095191
2855,219814.79626079
2856,218143.030317261
2857,209345.151431672
2858,216601.850354627
2859,116379.957006027
2860,124667.812945873
2861,130134.443452325
2862,214544.175403666
2863,130415.86546588
2864,255251.698604718
2865,164503.14705076
2866,220134.952099233
2867,68945.1719108033
2868,143999.433673057
2869,115153.734075925
2870,136324.546691537
2871,81735.7560543382
2872,-895.821063346462
2873,96189.3957731097
2874,131679.623051566
2875,134278.770907623
2876,166267.836571538
2877,135531.112199111
2878,163893.516904493
2879,125486.616189213
2880,111571.753535988
2881,141752.611949115
2882,138079.556762009
2883,191216.466668774
2884,204697.243263316
2885,173234.214596315
2886,179445.84477516
2887,102636.776288992
2888,144602.529294727
2889,34489.6488827539
2890,50969.9768846592
2891,158794.153117436
2892,13791.6157093628
2893,105427.633177964
2894,18877.7156923937
2895,269757.297990317
2896,261207.880106229
2897,207144.30123637
2898,209884.668684108
2899,247603.999035008
2900,169296.712228944
2901,198620.35719926
2902,198609.269106451
2903,298868.265757106
2904,313519.861525911
2905,44845.6146671103
2906,242662.623157667
2907,113298.685871471
2908,114286.391163328
2909,199129.050108173
2910,50466.4446811306
2911,84604.3418097197
2912,143378.902292329
2913,83627.5457619381
2914,69078.1897087211
2915,69078.1897087211
2916,83627.5457619381
2917,154372.912576317
2918,108676.85906577
2919,244153.707615398
